I_ARBRE X Y N_ESSENCE NOM N_PARCELLE
5 107 144 614 Mouamba 1
72 106.5 235.5 614 Mouamba 1
201 32 208 614 Mouamba 1
1657 2 174.5 614 Mouamba 1
1673 8.5 190 614 Mouamba 1
1677 5 192 614 Mouamba 1
1694 12.5 209.5 614 Mouamba 1
1698 11 217 614 Mouamba 1
1776 14.5 196 614 Mouamba 1
1795 17 183 614 Mouamba 1
1921 32 205.5 614 Mouamba 1
1924 27 208 614 Mouamba 1
1954 39 241 614 Mouamba 1
1963 42.5 234 614 Mouamba 1
1971 38.5 224 614 Mouamba 1
2086 55.5 180 614 Mouamba 1
2127 57.5 227.5 614 Mouamba 1
2404 87 127.5 614 Mouamba 1
345 128 146 614 Mouamba 1
473 145.5 154 614 Mouamba 1
487 141 126 614 Mouamba 1
493 145.5 129.5 614 Mouamba 1
508 159 140 614 Mouamba 1
513 152 143 614 Mouamba 1
514 150 139 614 Mouamba 1
563 156.5 208 614 Mouamba 1
791 190.5 227.5 614 Mouamba 1
1096 230 172 614 Mouamba 1
1254 241.5 140 614 Mouamba 1
1274 169.5 134 614 Mouamba 1
1402 230.5 180.5 614 Mouamba 1
1498 2 120.5 614 Mouamba 1
2494 48 82 614 Mouamba 1
2559 60.5 44 614 Mouamba 1
2630 68 101.5 614 Mouamba 1
2650 68.5 78 614 Mouamba 1
2661 68.5 69 614 Mouamba 1
2720 86.5 20.5 614 Mouamba 1
2793 92.5 100 614 Mouamba 1
2809 96 80 614 Mouamba 1
2811 96.5 77 614 Mouamba 1
2844 89.5 40 614 Mouamba 1
2857 96 27 614 Mouamba 1
2864 88.5 20 614 Mouamba 1
2952 103 110 614 Mouamba 1
2980 114.5 108 614 Mouamba 1
3000 118.5 80 614 Mouamba 1
3009 117.5 71.5 614 Mouamba 1
3032 114 48 614 Mouamba 1
3049 116.5 22 614 Mouamba 1
3082 92 22 614 Mouamba 1
3108 95 3 614 Mouamba 1
3142 98.5 124 614 Mouamba 1
97559 18 36.5 614 Mouamba 1
3314 134 86.5 614 Mouamba 1
3375 147 91.5 614 Mouamba 1
3379 142.5 82 614 Mouamba 1
3400 139 56.5 614 Mouamba 1
3401 142 57.5 614 Mouamba 1
3471 155 17.5 614 Mouamba 1
3481 152.5 31 614 Mouamba 1
3482 151 31 614 Mouamba 1
3499 150 59 614 Mouamba 1
3516 161 80 614 Mouamba 1
3528 163.5 88 614 Mouamba 1
3542 154 108 614 Mouamba 1
3564 171 121 614 Mouamba 1
3565 170 116 614 Mouamba 1
3596 166.5 80 614 Mouamba 1
3627 172.5 47 614 Mouamba 1
3777 199.5 102 614 Mouamba 1
3783 187.5 85 614 Mouamba 1
3831 192.5 20.5 614 Mouamba 1
3913 198 79.5 614 Mouamba 1
3974 215 89.5 614 Mouamba 1
4033 215.5 19.5 614 Mouamba 1
4289 157.5 50 614 Mouamba 1
4290 181.5 85.5 614 Mouamba 1
4302 170 120 614 Mouamba 1
4304 172 86.5 614 Mouamba 1
4315 128 17 614 Mouamba 1
4324 131 28 614 Mouamba 1
4339 189 88.5 614 Mouamba 1
4348 138 18 614 Mouamba 1
4380 215.5 74 614 Mouamba 1
97565 145.5 9.5 614 Mouamba 1
197 125 128 116 Wacapou  1
2091 58.5 187 116 Wacapou  1
357 133.5 151.5 116 Wacapou  1
490 148 128.5 116 Wacapou  1
502 160 131 116 Wacapou  1
509 159.5 141 116 Wacapou  1
667 168 152 116 Wacapou  1
686 183.5 126 116 Wacapou  1
1030 215.5 180 116 Wacapou  1
1054 213 148 116 Wacapou  1
1215 237 188.5 116 Wacapou  1
1234 241 166 116 Wacapou  1
1427 7.5 34 116 Wacapou  1
1446 5.5 57 116 Wacapou  1
1578 35.5 23 116 Wacapou  1
1582 34.5 30 116 Wacapou  1
1583 31.5 30.5 116 Wacapou  1
1589 31 41.5 116 Wacapou  1
2427 24.5 70.5 116 Wacapou  1
2463 38.5 108.5 116 Wacapou  1
2498 49 69.5 116 Wacapou  1
2624 62.5 104.5 116 Wacapou  1
2655 76 71 116 Wacapou  1
2680 73.5 45.5 116 Wacapou  1
2683 66.5 40 116 Wacapou  1
2687 71 32.5 116 Wacapou  1
2711 78 9.5 116 Wacapou  1
2732 79 45 116 Wacapou  1
2743 77 63 116 Wacapou  1
2828 92.5 52 116 Wacapou  1
2832 94 50 116 Wacapou  1
2834 93.5 47 116 Wacapou  1
2838 90 46 116 Wacapou  1
2858 97.5 29 116 Wacapou  1
2881 112.5 16 116 Wacapou  1
2890 102.5 26.5 116 Wacapou  1
2920 110 73.5 116 Wacapou  1
2950 105 102.5 116 Wacapou  1
2971 113.5 117 116 Wacapou  1
2981 117.5 105 116 Wacapou  1
2984 118 100 116 Wacapou  1
3034 113.5 45 116 Wacapou  1
3043 122 34 116 Wacapou  1
3046 114.5 30.5 116 Wacapou  1
3050 123 30 116 Wacapou  1
3057 118.5 22 116 Wacapou  1
3075 63 30 116 Wacapou  1
3162 19.5 54 116 Wacapou  1
3326 139 97 116 Wacapou  1
3337 133.5 108.5 116 Wacapou  1
3341 135 117 116 Wacapou  1
3344 129.5 123.5 116 Wacapou  1
3346 137.5 121 116 Wacapou  1
3351 143.5 117.5 116 Wacapou  1
3359 143.5 109 116 Wacapou  1
3369 146.5 100 116 Wacapou  1
3373 147 93 116 Wacapou  1
3377 141 87 116 Wacapou  1
3489 149.5 45 116 Wacapou  1
3492 159 45 116 Wacapou  1
3508 162 66 116 Wacapou  1
3532 152 91 116 Wacapou  1
3534 153 99 116 Wacapou  1
3576 171.5 102 116 Wacapou  1
3577 167.5 105 116 Wacapou  1
3579 170 100 116 Wacapou  1
3580 166.5 99 116 Wacapou  1
3594 164.5 83 116 Wacapou  1
3656 173.5 19 116 Wacapou  1
3693 187 22 116 Wacapou  1
3696 177 37.5 116 Wacapou  1
3701 186.5 52 116 Wacapou  1
3738 180 101 116 Wacapou  1
3747 175 113 116 Wacapou  1
3806 198.5 60 116 Wacapou  1
3813 192.5 50.5 116 Wacapou  1
3968 218.5 97 116 Wacapou  1
4006 220 51.5 116 Wacapou  1
4105 236.5 53 116 Wacapou  1
4159 250 122 116 Wacapou  1
4256 247.5 9 116 Wacapou  1
4326 153.5 53.5 116 Wacapou  1
4340 233 62 116 Wacapou  1
15308 11 212.5 614 Mouamba 4
15356 16.5 161.5 614 Mouamba 4
15378 16 131 614 Mouamba 4
15384 10 126 614 Mouamba 4
15461 24 242 614 Mouamba 4
15513 34 190 614 Mouamba 4
15525 38.5 178 614 Mouamba 4
15536 33.5 168 614 Mouamba 4
15604 43 156 614 Mouamba 4
15619 42.5 172.5 614 Mouamba 4
15621 42.5 174 614 Mouamba 4
15679 41.5 167 614 Mouamba 4
15736 56.5 159 614 Mouamba 4
15742 50 159.5 614 Mouamba 4
16033 98 140.5 614 Mouamba 4
16060 104 147 614 Mouamba 4
16068 105 151 614 Mouamba 4
16219 118 133.5 614 Mouamba 4
16226 116 131.5 614 Mouamba 4
16249 37.5 141 614 Mouamba 4
16260 3.5 134 614 Mouamba 4
16265 34 182 614 Mouamba 4
16279 25.5 190.5 614 Mouamba 4
16300 78 127.5 614 Mouamba 4
16302 106 137 614 Mouamba 4
16346 76.5 205 614 Mouamba 4
16408 98.5 126 614 Mouamba 4
16409 19 133.5 614 Mouamba 4
16503 10.5 176 614 Mouamba 4
104665 41.5 170.5 614 Mouamba 4
16802 139 228.5 614 Mouamba 4
16983 161 235 614 Mouamba 4
17039 169.5 192.5 614 Mouamba 4
17071 166.5 148.5 614 Mouamba 4
17104 171 150.5 614 Mouamba 4
17109 178 170.5 614 Mouamba 4
17246 186.5 127 614 Mouamba 4
17300 197 203 614 Mouamba 4
17321 193 248 614 Mouamba 4
17360 205.5 209.5 614 Mouamba 4
17371 208 193 614 Mouamba 4
17424 220 131.5 614 Mouamba 4
17440 212 149 614 Mouamba 4
17553 229.5 189 614 Mouamba 4
17617 230 149 614 Mouamba 4
17651 238 191 614 Mouamba 4
17846 207.5 230.5 614 Mouamba 4
17886 211.5 189 614 Mouamba 4
17909 150 184 614 Mouamba 4
17911 156.5 182 614 Mouamba 4
18061 228 159 614 Mouamba 4
18072 169 138 614 Mouamba 4
18075 173 143 614 Mouamba 4
18239 230.5 130.5 614 Mouamba 4
18288 231 176 614 Mouamba 4
18359 16 112 614 Mouamba 4
18390 8.5 71 614 Mouamba 4
18440 19 0 614 Mouamba 4
18699 55 74.5 614 Mouamba 4
18795 69 64.5 614 Mouamba 4
18803 67 71 614 Mouamba 4
18824 68 105 614 Mouamba 4
18888 73 58.5 614 Mouamba 4
18924 86.5 12 614 Mouamba 4
18933 89 17 614 Mouamba 4
18949 89 48 614 Mouamba 4
18969 80 83.5 614 Mouamba 4
18977 81 89.5 614 Mouamba 4
18984 83 98 614 Mouamba 4
18990 83 104 614 Mouamba 4
19008 79.5 123.5 614 Mouamba 4
19010 85 122 614 Mouamba 4
19016 98 124 614 Mouamba 4
19027 95 98 614 Mouamba 4
19041 93.5 64.5 614 Mouamba 4
19061 96.5 25.5 614 Mouamba 4
19066 98 16.5 614 Mouamba 4
19068 99.5 12.5 614 Mouamba 4
19079 104 7 614 Mouamba 4
19114 102 60 614 Mouamba 4
19175 100 125 614 Mouamba 4
19179 108 123 614 Mouamba 4
19180 111.5 120.5 614 Mouamba 4
19196 112.5 110 614 Mouamba 4
19209 116 91.5 614 Mouamba 4
19213 123 91.5 614 Mouamba 4
19225 115 85 614 Mouamba 4
19237 122.5 71.5 614 Mouamba 4
19260 117 43 614 Mouamba 4
19263 120 39.5 614 Mouamba 4
19291 112 9 614 Mouamba 4
19318 1 88 614 Mouamba 4
19338 85.5 42 614 Mouamba 4
19349 3.5 48 614 Mouamba 4
19352 46.5 54.5 614 Mouamba 4
19370 84 92 614 Mouamba 4
19372 107 52.5 614 Mouamba 4
19373 107 50 614 Mouamba 4
19375 100 32 614 Mouamba 4
19376 103 28.5 614 Mouamba 4
19446 75.5 62.5 614 Mouamba 4
19481 27.5 110.5 614 Mouamba 4
19551 96.5 74 614 Mouamba 4
19558 90 34 614 Mouamba 4
19652 116 100.5 614 Mouamba 4
19690 21 32 614 Mouamba 4
19701 67.5 49 614 Mouamba 4
19921 49 56 614 Mouamba 4
19955 111.5 118 614 Mouamba 4
99472 13.5 76.5 614 Mouamba 4
99490 114 97.5 614 Mouamba 4
99502 104.5 31.5 614 Mouamba 4
99504 70.5 33 614 Mouamba 4
105792 67.5 59.5 614 Mouamba 4
105808 108 97 614 Mouamba 4
105814 106.5 121 614 Mouamba 4
20036 126.5 51 614 Mouamba 4
20038 125 53 614 Mouamba 4
20078 133 89.5 614 Mouamba 4
20123 146 98 614 Mouamba 4
20138 141 70 614 Mouamba 4
20159 145 37.5 614 Mouamba 4
20375 183 123.5 614 Mouamba 4
20379 190 119.5 614 Mouamba 4
20388 186 106.5 614 Mouamba 4
20395 181.5 91 614 Mouamba 4
20498 192.5 105.5 614 Mouamba 4
20519 202.5 119.5 614 Mouamba 4
20581 210.5 1 614 Mouamba 4
20753 226.5 3 614 Mouamba 4
20773 236.5 37 614 Mouamba 4
20876 247 17.5 614 Mouamba 4
20952 243.5 26 614 Mouamba 4
21071 139.5 28 614 Mouamba 4
21194 201 1.5 614 Mouamba 4
21221 195 71 614 Mouamba 4
21263 226.5 17 614 Mouamba 4
21287 130.5 64 614 Mouamba 4
21301 136.5 103 614 Mouamba 4
97943 129.5 82 614 Mouamba 4
99518 126.5 40 614 Mouamba 4
15254 1.5 205 224 Wapa  4
15264 5 232 224 Wapa  4
15265 0.5 221 224 Wapa  4
15275 3 246.5 224 Wapa  4
15296 11.5 225 224 Wapa  4
15298 13 219.5 224 Wapa  4
15301 19.5 216 224 Wapa  4
15313 10.5 209 224 Wapa  4
15319 10 201.5 224 Wapa  4
15350 20 171 224 Wapa  4
15459 27.5 237 224 Wapa  4
15472 37 247.5 224 Wapa  4
15478 37 235 224 Wapa  4
15483 39 229 224 Wapa  4
15484 41.5 227.5 224 Wapa  4
15490 36.5 218 224 Wapa  4
15505 40 199.5 224 Wapa  4
15653 48 232 224 Wapa  4
15655 44 235.5 224 Wapa  4
15662 49.5 247.5 224 Wapa  4
15672 52.5 235 224 Wapa  4
15676 54.5 227 224 Wapa  4
15685 56.5 217.5 224 Wapa  4
15690 55.5 208.5 224 Wapa  4
15716 59 179.5 224 Wapa  4
15786 63.5 162.5 224 Wapa  4
15791 64.5 170 224 Wapa  4
15797 67.5 183.5 224 Wapa  4
15806 63 199 224 Wapa  4
15820 64.5 220.5 224 Wapa  4
15827 70 240.5 224 Wapa  4
15831 80 231.5 224 Wapa  4
15838 71.5 227 224 Wapa  4
15848 71.5 210 224 Wapa  4
15849 80.5 206 224 Wapa  4
15865 74.5 184.5 224 Wapa  4
15868 69.5 182 224 Wapa  4
15871 70.5 178 224 Wapa  4
15875 76.5 167.5 224 Wapa  4
15878 70.5 167 224 Wapa  4
15886 77 157.5 224 Wapa  4
15935 86.5 160 224 Wapa  4
15939 81 164 224 Wapa  4
15942 84.5 179.5 224 Wapa  4
15947 85.5 188 224 Wapa  4
15958 90 218 224 Wapa  4
15961 87 222.5 224 Wapa  4
15970 86 240.5 224 Wapa  4
15977 95 244 224 Wapa  4
15979 99.5 241.5 224 Wapa  4
15981 91 237 224 Wapa  4
15985 96.5 232 224 Wapa  4
15994 98 213 224 Wapa  4
16009 99 185 224 Wapa  4
16011 92 181 224 Wapa  4
16013 93 176 224 Wapa  4
16017 94.5 166 224 Wapa  4
16019 92 167.5 224 Wapa  4
16023 94.5 158 224 Wapa  4
16028 82.5 217 224 Wapa  4
16069 102.5 153 224 Wapa  4
16077 100 163 224 Wapa  4
16081 101 168 224 Wapa  4
16082 110 170 224 Wapa  4
16084 98.5 172 224 Wapa  4
16087 108 177 224 Wapa  4
16090 104 181.5 224 Wapa  4
16095 106 189.5 224 Wapa  4
16099 108 195 224 Wapa  4
16106 111.5 213.5 224 Wapa  4
16123 121.5 248 224 Wapa  4
16125 122 245.5 224 Wapa  4
16132 113.5 233.5 224 Wapa  4
16134 119.5 228.5 224 Wapa  4
16138 122 223.5 224 Wapa  4
16154 115 202 224 Wapa  4
16175 117 183.5 224 Wapa  4
16182 122 177 224 Wapa  4
16184 124 173 224 Wapa  4
16185 125 175 224 Wapa  4
16191 116.5 171 224 Wapa  4
16192 116.5 170 224 Wapa  4
16231 105.5 221 224 Wapa  4
16259 108 162 224 Wapa  4
16267 84 146.5 224 Wapa  4
16306 84 146 224 Wapa  4
16307 103.5 172 224 Wapa  4
16321 85.5 238.5 224 Wapa  4
16329 68 152 224 Wapa  4
16355 94.5 168 224 Wapa  4
16367 108 183.5 224 Wapa  4
16465 74 195 224 Wapa  4
16479 80.5 153 224 Wapa  4
16559 67 208 224 Wapa  4
16603 14 210 224 Wapa  4
16640 76 153.5 224 Wapa  4
97759 46.5 214.5 224 Wapa  4
16746 136 177 224 Wapa  4
16749 128 179.5 224 Wapa  4
16755 136.5 185.5 224 Wapa  4
16759 132 187 224 Wapa  4
16760 131 191 224 Wapa  4
16764 138.5 192 224 Wapa  4
16774 138.5 201.5 224 Wapa  4
16787 132.5 215 224 Wapa  4
16797 128 225 224 Wapa  4
16833 148 237.5 224 Wapa  4
16848 152.5 212 224 Wapa  4
16853 142.5 208 224 Wapa  4
16856 151 209.5 224 Wapa  4
16860 147 200 224 Wapa  4
16941 156 182 224 Wapa  4
16945 155 189 224 Wapa  4
16951 156 194 224 Wapa  4
16952 155 196 224 Wapa  4
16954 156 197 224 Wapa  4
16961 155 203.5 224 Wapa  4
16964 153.5 206 224 Wapa  4
16967 158 208 224 Wapa  4
16971 154.5 219.5 224 Wapa  4
16978 154 225 224 Wapa  4
16986 156 239.5 224 Wapa  4
17009 168.5 233.5 224 Wapa  4
17013 167.5 227 224 Wapa  4
17018 167.5 216 224 Wapa  4
17023 164 211.5 224 Wapa  4
17029 171.5 207.5 224 Wapa  4
17030 169 204.5 224 Wapa  4
17032 164.5 201 224 Wapa  4
17132 172 197.5 224 Wapa  4
17138 179 201.5 224 Wapa  4
17150 172 218.5 224 Wapa  4
17153 180 219 224 Wapa  4
17157 174.5 230 224 Wapa  4
17162 175 242 224 Wapa  4
17167 182.5 250 224 Wapa  4
17175 183.5 238 224 Wapa  4
17176 191 238.5 224 Wapa  4
17186 194.5 226.5 224 Wapa  4
17306 197 213 224 Wapa  4
17311 199.5 232 224 Wapa  4
17318 198 239.5 224 Wapa  4
17322 201 249 224 Wapa  4
17324 206 250 224 Wapa  4
17331 207.5 237 224 Wapa  4
17336 204.5 231 224 Wapa  4
17347 210.5 225 224 Wapa  4
17353 208 216 224 Wapa  4
17501 216.5 243.5 224 Wapa  4
17504 211 246 224 Wapa  4
17507 216 250 224 Wapa  4
17513 229 250 224 Wapa  4
17515 228 248.5 224 Wapa  4
17537 222 208 224 Wapa  4
17707 249 241 224 Wapa  4
17791 246 129.5 224 Wapa  4
17797 126 235.5 224 Wapa  4
17809 146 192.5 224 Wapa  4
17842 159 189 224 Wapa  4
17844 165.5 187.5 224 Wapa  4
17856 169.5 190 224 Wapa  4
17860 179.5 245 224 Wapa  4
17870 149 155.5 224 Wapa  4
17884 211.5 209 224 Wapa  4
17885 198.5 202 224 Wapa  4
17915 145.5 208 224 Wapa  4
17920 183.5 226 224 Wapa  4
17944 135.5 198.5 224 Wapa  4
17968 227 240 224 Wapa  4
18001 188.5 228 224 Wapa  4
18029 165 243 224 Wapa  4
18180 138.5 207 224 Wapa  4
18262 141 185.5 224 Wapa  4
19080 107.5 9 224 Wapa  4
19086 106 15 224 Wapa  4
19087 102.5 18 224 Wapa  4
19284 112.5 18.5 224 Wapa  4
19289 113.5 9 224 Wapa  4
19505 115 30.5 224 Wapa  4
19980 106 2 224 Wapa  4
19995 139 15 224 Wapa  4
19999 128 18.5 224 Wapa  4
20013 132 31 224 Wapa  4
20015 139 27 224 Wapa  4
20016 139.5 31 224 Wapa  4
20034 130.5 47.5 224 Wapa  4
20165 151.5 22.5 224 Wapa  4
20183 152 4 224 Wapa  4
20325 161 1.5 224 Wapa  4
20329 174 3.5 224 Wapa  4
20332 174 12.5 224 Wapa  4
20335 179.5 28 224 Wapa  4
20429 182 20 224 Wapa  4
20431 187 8.5 224 Wapa  4
20444 198 2 224 Wapa  4
20448 191 7 224 Wapa  4
20463 194 34 224 Wapa  4
20469 196.5 41.5 224 Wapa  4
20563 201 34 224 Wapa  4
20567 203.5 23.5 224 Wapa  4
20572 203 15 224 Wapa  4
20588 210.5 8 224 Wapa  4
20593 217.5 13.5 224 Wapa  4
20595 217.5 16 224 Wapa  4
20600 212 17.5 224 Wapa  4
20607 217.5 34 224 Wapa  4
20614 219 40 224 Wapa  4
20656 220 100 224 Wapa  4
20686 227 96.5 224 Wapa  4
20690 231 91.5 224 Wapa  4
20712 223 41.5 224 Wapa  4
20741 229.5 13 224 Wapa  4
20746 225 7.5 224 Wapa  4
20766 234 18.5 224 Wapa  4
20796 238.5 75 224 Wapa  4
20804 233 85 224 Wapa  4
20806 237.5 87.5 224 Wapa  4
20807 231.5 87 224 Wapa  4
20814 239 111 224 Wapa  4
20826 250 115 224 Wapa  4
20828 242 113.5 224 Wapa  4
20830 249 104.5 224 Wapa  4
20832 247 102 224 Wapa  4
20833 244 102 224 Wapa  4
20841 248 77 224 Wapa  4
20858 249 48.5 224 Wapa  4
20883 249 125 224 Wapa  4
20951 228 30 224 Wapa  4
20968 167 29 224 Wapa  4
20970 165.5 37.5 224 Wapa  4
21029 170 12 224 Wapa  4
21051 241.5 30.5 224 Wapa  4
21057 222 14 224 Wapa  4
21058 213.5 17.5 224 Wapa  4
21059 212.5 12.5 224 Wapa  4
21092 247 106 224 Wapa  4
21136 195 24 224 Wapa  4
21243 232.5 110 224 Wapa  4
21258 227.5 27.5 224 Wapa  4
21262 217 28.5 224 Wapa  4
21271 134 25.5 224 Wapa  4
21319 225.5 105 224 Wapa  4
21330 227 52 224 Wapa  4
21364 231 27 224 Wapa  4
21366 212.5 11 224 Wapa  4
21371 223 3 224 Wapa  4
21382 150 38.5 224 Wapa  4
97963 200.5 45 224 Wapa  4
104767 235 2 224 Wapa  4
105838 125 26 224 Wapa  4
